#
# preps: the phonetic representations
# ate, moved, and woman were reconstructed
#
# This file contains the phonetic word labels and representations.
# After the keyword "instances", first give the list of word instance labels
#  all in one line. If there are no instances, just give the keyword.
#  Separate statistics will be collected for the words declared as instances.
instances
#
# Next give the number of components in the word representations.
nwordrep 25
#
# After the keyword "word-representations" give the definitions one per line,
#  each beginning with the label and followed by the representation components.
# For DISLEX, the order of words does not have to match the order in sreps.
# If there are any internal symbols (that do not have lexical counterparts)
#  they should probably be removed so that they won't mess up the map.
# Do not put any comments or other junk inside the representation definitions.
#
word-representations
eIt__ 0.000  1.000  0.250  0.200  0.429  0.000  1.000  0.250  0.400  0.286  0.500  0.167  0.750  0.000  0.000  0.000  0.000  0.000  0.000  0.000  0.000  0.000  0.000  0.000  0.000
br@Uk 0.125  0.167  0.250  0.000  0.000  0.500  0.500  0.250  0.000  0.000  0.000  1.000  0.250  0.600  0.571  0.000  1.000  0.250  0.800  0.286  0.875  0.167  0.750  0.000  0.000
hIt__ 1.000  0.333  1.000  0.000  0.000  0.000  1.000  0.250  0.400  0.286  0.500  0.167  0.750  0.000  0.000  0.000  0.000  0.000  0.000  0.000  0.000  0.000  0.000  0.000  0.000
muvd_ 0.125  0.833  0.250  0.000  0.000  0.000  1.000  0.250  1.000  0.143  0.250  0.333  0.250  0.000  0.000  0.500  0.167  0.250  0.000  0.000  0.000  0.000  0.000  0.000  0.000
b$l__ 0.125  0.167  0.250  0.000  0.000  0.000  1.000  0.250  1.000  0.714  0.500  0.667  0.250  0.000  0.000  0.000  0.000  0.000  0.000  0.000  0.000  0.000  0.000  0.000  0.000
b{t__ 0.125  0.167  0.250  0.000  0.000  0.000  1.000  0.250  0.200  0.857  0.500  0.167  0.750  0.000  0.000  0.000  0.000  0.000  0.000  0.000  0.000  0.000  0.000  0.000  0.000
b$I__ 0.125  0.167  0.250  0.000  0.000  0.000  1.000  0.250  1.000  0.714  0.000  1.000  0.250  0.400  0.286  0.000  0.000  0.000  0.000  0.000  0.000  0.000  0.000  0.000  0.000
peIp@ 0.125  0.167  0.750  0.000  0.000  0.000  1.000  0.250  0.200  0.429  0.000  1.000  0.250  0.400  0.286  0.125  0.167  0.750  0.000  0.000  0.000  1.000  0.250  0.600  0.571
Jiz__ 0.625  0.167  0.500  0.000  0.000  0.000  1.000  0.250  0.200  0.143  0.500  0.333  0.250  0.000  0.000  0.000  0.000  0.000  0.000  0.000  0.000  0.000  0.000  0.000  0.000
JIkIn 0.625  0.167  0.500  0.000  0.000  0.000  1.000  0.250  0.400  0.286  0.875  0.167  0.750  0.000  0.000  0.000  1.000  0.250  0.400  0.286  0.500  0.833  0.250  0.000  0.000
k3t@n 0.875  0.167  0.750  0.000  0.000  0.000  1.000  0.250  0.400  0.571  0.500  0.167  0.750  0.000  0.000  0.000  1.000  0.250  0.600  0.571  0.500  0.833  0.250  0.000  0.000
dEsk_ 0.500  0.167  0.250  0.000  0.000  0.000  1.000  0.250  0.200  0.714  0.500  0.333  0.500  0.000  0.000  0.875  0.167  0.750  0.000  0.000  0.000  0.000  0.000  0.000  0.000
dQl__ 0.500  0.167  0.250  0.000  0.000  0.000  1.000  0.250  0.600  0.857  0.500  0.667  0.250  0.000  0.000  0.000  0.000  0.000  0.000  0.000  0.000  0.000  0.000  0.000  0.000
f$k__ 0.250  0.333  0.500  0.000  0.000  0.000  1.000  0.250  1.000  0.714  0.875  0.167  0.750  0.000  0.000  0.000  0.000  0.000  0.000  0.000  0.000  0.000  0.000  0.000  0.000
g3l__ 0.875  0.167  0.250  0.000  0.000  0.000  1.000  0.250  0.400  0.571  0.500  0.667  0.250  0.000  0.000  0.000  0.000  0.000  0.000  0.000  0.000  0.000  0.000  0.000  0.000
h{JIt 1.000  0.333  1.000  0.000  0.000  0.000  1.000  0.250  0.200  0.857  0.625  0.167  0.500  0.000  0.000  0.000  1.000  0.250  0.400  0.286  0.500  0.167  0.750  0.000  0.000
h{m@R 1.000  0.333  1.000  0.000  0.000  0.000  1.000  0.250  0.200  0.857  0.125  0.833  0.250  0.000  0.000  0.000  1.000  0.250  0.600  0.571  0.500  0.500  0.250  0.000  0.000
m{n__ 0.125  0.833  0.250  0.000  0.000  0.000  1.000  0.250  0.200  0.857  0.500  0.833  0.250  0.000  0.000  0.000  0.000  0.000  0.000  0.000  0.000  0.000  0.000  0.000  0.000
wUm{n 0.875  0.500  0.250  0.000  0.000  0.000  1.000  0.250  0.800  0.286  0.125  0.833  0.250  0.000  0.000  0.000  1.000  0.250  0.200  0.857  0.500  0.833  0.250  0.000  0.000 
pleIt 0.125  0.167  0.750  0.000  0.000  0.500  0.667  0.250  0.000  0.000  0.000  1.000  0.250  0.200  0.429  0.000  1.000  0.250  0.400  0.286  0.500  0.167  0.750  0.000  0.000
rQk__ 0.500  0.500  0.250  0.000  0.000  0.000  1.000  0.250  0.600  0.857  0.875  0.167  0.750  0.000  0.000  0.000  0.000  0.000  0.000  0.000  0.000  0.000  0.000  0.000  0.000
p#st@ 0.125  0.167  0.750  0.000  0.000  0.000  1.000  0.250  0.800  1.000  0.500  0.333  0.500  0.000  0.000  0.500  0.167  0.750  0.000  0.000  0.000  1.000  0.250  0.600  0.571
spun_ 0.500  0.333  0.500  0.000  0.000  0.125  0.167  0.750  0.000  0.000  0.000  1.000  0.250  1.000  0.143  0.500  0.833  0.250  0.000  0.000  0.000  0.000  0.000  0.000  0.000
k{r@t 0.875  0.167  0.750  0.000  0.000  0.000  1.000  0.250  0.200  0.857  0.500  0.500  0.250  0.000  0.000  0.000  1.000  0.250  0.600  0.571  0.500  0.167  0.750  0.000  0.000
v#z__ 0.250  0.333  0.250  0.000  0.000  0.000  1.000  0.250  0.800  1.000  0.500  0.333  0.250  0.000  0.000  0.000  0.000  0.000  0.000  0.000  0.000  0.000  0.000  0.000  0.000
wInd@ 0.875  0.500  0.250  0.000  0.000  0.000  1.000  0.250  0.400  0.286  0.500  0.833  0.250  0.000  0.000  0.500  0.167  0.250  0.000  0.000  0.000  1.000  0.250  0.600  0.571
dQg__ 0.500  0.167  0.250  0.000  0.000  0.000  1.000  0.250  0.600  0.857  0.875  0.167  0.250  0.000  0.000  0.000  0.000  0.000  0.000  0.000  0.000  0.000  0.000  0.000  0.000
wUlf_ 0.875  0.500  0.250  0.000  0.000  0.000  1.000  0.250  0.800  0.286  0.500  0.667  0.250  0.000  0.000  0.250  0.333  0.500  0.000  0.000  0.000  0.000  0.000  0.000  0.000
Sip__ 0.625  0.333  0.500  0.000  0.000  0.000  1.000  0.250  0.200  0.143  0.125  0.167  0.750  0.000  0.000  0.000  0.000  0.000  0.000  0.000  0.000  0.000  0.000  0.000  0.000
lQI@n 0.500  0.667  0.250  0.000  0.000  0.000  1.000  0.250  0.600  0.857  0.000  1.000  0.250  0.400  0.286  0.000  1.000  0.250  0.600  0.571  0.500  0.833  0.250  0.000  0.000





bEd 

tri 

"pEns@l 

haUs 

"wIs@l 

"sIz@rz 

koUm 

"flaU@r 

sO 

"tuTbr@S 

"hElI%kApt@r 

brum 

"Akt@%pUs 

"mVSrum 

"h{N@r 

"wil%ʧEr 

"k{m@l 

m{sk 

"prEtz@l 

bEnʧ 

"r{kIt 

sneIl 

vAl"keInoU 

sihOrs 

dArt 

k@"nu 

gloUb 

riT 

"biv@r 

hAr"mAnIk@ 

raI"nAs@r@s 

"eIkOrn 

"Iglu 

stIlts 

"dAm@%noUz 

"k{kt@s 

"Esk@%leIt@r 

hArp 

"h{m@k 

"nAk@r 

"pEl@k@n 

"stET@%skoUp 

"pIr@mId 

"mVz@l 

"junI%kOrn 

"fVn@l 

@"kOrdi@n 

nus 

@"spEr@g@s 

"kVmp@s 

l{ʧ 

"traI%pAd 

skroUl 

tANz 

sfINks 

joUk 

"trEl@s 

"p{l@t 

proU"tr{kt@r 

"{b@k@s 