phase-firstepochs	1	100	156	311	466	621	776	931	1086	1241	1396	1551	1701
l1-alphas	0.25	0.25	0.248397435897	0.12459807074	0.0831545064378	0.0623993558776	0.0499355670103	0.0416219119227	0.0356813996317	0.0312248186946	0.0277578796562	0.0249838813669	0
l2-alphas	0.25	0.25	0.248397435897	0.12459807074	0.0831545064378	0.0623993558776	0.0499355670103	0.0416219119227	0.0356813996317	0.0312248186946	0.0277578796562	0.0249838813669	0
sem-alphas	0.25	0.25	0.248397435897	0.12459807074	0.0831545064378	0.0623993558776	0.0499355670103	0.0416219119227	0.0356813996317	0.0312248186946	0.0277578796562	0.0249838813669	0
l1l2-assoc-alphas	0.25	0.25	0.248397435897	0.12459807074	0.0831545064378	0.0623993558776	0.0499355670103	0.0416219119227	0.0356813996317	0.0312248186946	0.0277578796562	0.0249838813669	0
sl1-assoc-alphas	0.25	0.25	0.248397435897	0.12459807074	0.0831545064378	0.0623993558776	0.0499355670103	0.0416219119227	0.0356813996317	0.0312248186946	0.0277578796562	0.0249838813669	0
sl2-assoc-alphas	0.25	0.25	0.248397435897	0.12459807074	0.0831545064378	0.0623993558776	0.0499355670103	0.0416219119227	0.0356813996317	0.0312248186946	0.0277578796562	0.0249838813669	0
l1-ncs	3	3.0	3.0	2.0	2.0	2.0	1.0	1.0	1.0	1.0	1.0	1.0	0
l2-ncs	0	3	3.0	3.0	2.0	2.0	1.0	1.0	1.0	1.0	1.0	1.0	0
sem-ncs	3	3.0	3.0	2.0	2.0	2.0	1.0	1.0	1.0	1.0	1.0	1.0	0
l1-running	1	1	1	1	1	1	1	1	1	1	1	1
l2-running	0	1	1	1	1	1	1	1	1	1	1	1
sem-running	1	1	1	1	1	1	1	1	1	1	1	1
l1l2-assoc-running	0	1	1	1	1	1	1	1	1	1	1	1
sl1-assoc-running	1	1	1	1	1	1	1	1	1	1	1	1
sl2-assoc-running	0	1	1	1	1	1	1	1	1	1	1	1
