bEd__ 0.000 0.000 0.000 0.000 0.000 0.000 0.000 0.000 0.000 0.000 0.000 0.000 0.000 0.000 0.000 0.000 0.000 0.000 0.000 0.000 0.125 0.167 0.250 0.000 0.000 0.000 1.000 0.250 0.200 0.714 0.500 0.167 0.250 0.000 0.000 0.000 0.000 0.000 0.000 0.000 0.000 0.000 0.000 0.000 0.000 0.000 0.000 0.000 0.000 0.000 0.000 0.000 0.000 0.000 0.000 0.000 0.000 0.000 0.000 0.000 0.000 0.000 0.000 0.000 0.000 0.000 0.000 0.000 0.000 0.000 0.000 0.000 0.000 0.000 0.000 
tri__ 0.000 0.000 0.000 0.000 0.000 0.000 0.000 0.000 0.000 0.000 0.000 0.000 0.000 0.000 0.000 0.000 0.000 0.000 0.000 0.000 0.500 0.167 0.750 0.000 0.000 0.500 0.200 0.250 0.000 0.000 0.000 1.000 0.250 0.200 0.143 0.000 0.000 0.000 0.000 0.000 0.000 0.000 0.000 0.000 0.000 0.000 0.000 0.000 0.000 0.000 0.000 0.000 0.000 0.000 0.000 0.000 0.000 0.000 0.000 0.000 0.000 0.000 0.000 0.000 0.000 0.000 0.000 0.000 0.000 0.000 0.000 0.000 0.000 0.000 0.000 
"pEns@l__ 0.000 0.000 0.000 0.000 0.000 0.000 0.000 0.000 0.000 0.000 0.000 0.000 0.000 0.000 0.000 0.000 0.000 0.000 0.000 0.000 0.125 0.167 0.750 0.000 0.000 0.000 1.000 0.250 0.200 0.714 0.500 0.833 0.250 0.000 0.000 0.500 0.333 0.750 0.000 0.000 0.000 1.000 0.250 0.600 0.571 0.500 0.667 0.250 0.000 0.000 0.000 0.000 0.000 0.000 0.000 0.000 0.000 0.000 0.000 0.000 0.000 0.000 0.000 0.000 0.000 0.000 0.000 0.000 0.000 0.000 0.000 0.000 0.000 0.000 0.000 
haUs__ 0.000 0.000 0.000 0.000 0.000 0.000 0.000 0.000 0.000 0.000 0.000 0.000 0.000 0.000 0.000 0.000 0.000 0.000 0.000 0.000 1.000 0.333 0.750 0.000 0.000 0.000 1.000 0.250 0.200 1.000 0.000 1.000 0.250 0.800 0.286 0.500 0.333 0.750 0.000 0.000 0.000 0.000 0.000 0.000 0.000 0.000 0.000 0.000 0.000 0.000 0.000 0.000 0.000 0.000 0.000 0.000 0.000 0.000 0.000 0.000 0.000 0.000 0.000 0.000 0.000 0.000 0.000 0.000 0.000 0.000 0.000 0.000 0.000 0.000 0.000 
"wIs@l__ 0.000 0.000 0.000 0.000 0.000 0.000 0.000 0.000 0.000 0.000 0.000 0.000 0.000 0.000 0.000 0.000 0.000 0.000 0.000 0.000 0.125 0.500 0.250 0.000 0.000 0.000 1.000 0.250 0.400 0.286 0.500 0.333 0.750 0.000 0.000 0.000 1.000 0.250 0.600 0.571 0.500 0.667 0.250 0.000 0.000 0.000 0.000 0.000 0.000 0.000 0.000 0.000 0.000 0.000 0.000 0.000 0.000 0.000 0.000 0.000 0.000 0.000 0.000 0.000 0.000 0.000 0.000 0.000 0.000 0.000 0.000 0.000 0.000 0.000 0.000 
"sIz@rz__ 0.000 0.000 0.000 0.000 0.000 0.000 0.000 0.000 0.000 0.000 0.000 0.000 0.000 0.000 0.000 0.000 0.000 0.000 0.000 0.000 0.500 0.333 0.750 0.000 0.000 0.000 1.000 0.250 0.400 0.286 0.500 0.333 0.250 0.000 0.000 0.000 1.000 0.250 0.600 0.571 0.500 0.200 0.250 0.000 0.000 0.500 0.333 0.250 0.000 0.000 0.000 0.000 0.000 0.000 0.000 0.000 0.000 0.000 0.000 0.000 0.000 0.000 0.000 0.000 0.000 0.000 0.000 0.000 0.000 0.000 0.000 0.000 0.000 0.000 0.000 
koUm__ 0.000 0.000 0.000 0.000 0.000 0.000 0.000 0.000 0.000 0.000 0.000 0.000 0.000 0.000 0.000 0.000 0.000 0.000 0.000 0.000 0.875 0.167 0.750 0.000 0.000 0.000 1.000 0.250 1.000 0.286 0.000 1.000 0.250 0.800 0.286 0.125 0.833 0.250 0.000 0.000 0.000 0.000 0.000 0.000 0.000 0.000 0.000 0.000 0.000 0.000 0.000 0.000 0.000 0.000 0.000 0.000 0.000 0.000 0.000 0.000 0.000 0.000 0.000 0.000 0.000 0.000 0.000 0.000 0.000 0.000 0.000 0.000 0.000 0.000 0.000 
"flaf@r__ 0.000 0.000 0.000 0.000 0.000 0.000 0.000 0.000 0.000 0.000 0.000 0.000 0.000 0.000 0.000 0.000 0.000 0.000 0.000 0.000 0.250 0.333 0.750 0.000 0.000 0.500 0.667 0.250 0.000 0.000 0.000 1.000 0.250 0.200 1.000 0.250 0.333 0.750 0.000 0.000 0.000 1.000 0.250 0.600 0.571 0.500 0.200 0.250 0.000 0.000 0.000 0.000 0.000 0.000 0.000 0.000 0.000 0.000 0.000 0.000 0.000 0.000 0.000 0.000 0.000 0.000 0.000 0.000 0.000 0.000 0.000 0.000 0.000 0.000 0.000 
sO__ 0.000 0.000 0.000 0.000 0.000 0.000 0.000 0.000 0.000 0.000 0.000 0.000 0.000 0.000 0.000 0.000 0.000 0.000 0.000 0.000 0.500 0.333 0.750 0.000 0.000 0.000 1.000 0.250 1.000 0.714 0.000 0.000 0.000 0.000 0.000 0.000 0.000 0.000 0.000 0.000 0.000 0.000 0.000 0.000 0.000 0.000 0.000 0.000 0.000 0.000 0.000 0.000 0.000 0.000 0.000 0.000 0.000 0.000 0.000 0.000 0.000 0.000 0.000 0.000 0.000 0.000 0.000 0.000 0.000 0.000 0.000 0.000 0.000 0.000 0.000 
"tuTbr@S__ 0.000 0.000 0.000 0.000 0.000 0.000 0.000 0.000 0.000 0.000 0.000 0.000 0.000 0.000 0.000 0.000 0.000 0.000 0.000 0.000 0.500 0.167 0.750 0.000 0.000 0.000 1.000 0.250 1.000 0.143 0.375 0.333 0.750 0.000 0.000 0.125 0.167 0.250 0.000 0.000 0.500 0.200 0.250 0.000 0.000 0.000 1.000 0.250 0.600 0.571 0.625 0.333 0.750 0.000 0.000 0.000 0.000 0.000 0.000 0.000 0.000 0.000 0.000 0.000 0.000 0.000 0.000 0.000 0.000 0.000 0.000 0.000 0.000 0.000 0.000 
"hElI%kApt@r__ 0.000 0.000 0.000 0.000 0.000 0.000 0.000 0.000 0.000 0.000 0.000 0.000 0.000 0.000 0.000 0.000 0.000 0.000 0.000 0.000 1.000 0.333 0.750 0.000 0.000 0.000 1.000 0.250 0.200 0.714 0.500 0.667 0.250 0.000 0.000 0.000 1.000 0.250 0.400 0.286 0.875 0.167 0.750 0.000 0.000 0.000 1.000 0.250 1.000 1.000 0.125 0.167 0.750 0.000 0.000 0.500 0.167 0.750 0.000 0.000 0.000 1.000 0.250 0.600 0.571 0.500 0.200 0.250 0.000 0.000 0.000 0.000 0.000 0.000 0.000 
brum__ 0.000 0.000 0.000 0.000 0.000 0.000 0.000 0.000 0.000 0.000 0.000 0.000 0.000 0.000 0.000 0.000 0.000 0.000 0.000 0.000 0.125 0.167 0.250 0.000 0.000 0.500 0.200 0.250 0.000 0.000 0.000 1.000 0.250 1.000 0.143 0.125 0.833 0.250 0.000 0.000 0.000 0.000 0.000 0.000 0.000 0.000 0.000 0.000 0.000 0.000 0.000 0.000 0.000 0.000 0.000 0.000 0.000 0.000 0.000 0.000 0.000 0.000 0.000 0.000 0.000 0.000 0.000 0.000 0.000 0.000 0.000 0.000 0.000 0.000 0.000 
"Akt@%pUs__ 0.000 0.000 0.000 0.000 0.000 0.000 0.000 0.000 0.000 0.000 0.000 0.000 0.000 0.000 0.000 0.000 0.000 0.000 0.000 0.000 0.000 1.000 0.250 1.000 1.000 0.875 0.167 0.750 0.000 0.000 0.500 0.167 0.750 0.000 0.000 0.000 1.000 0.250 0.600 0.571 0.125 0.167 0.750 0.000 0.000 0.000 1.000 0.250 0.800 0.286 0.500 0.333 0.750 0.000 0.000 0.000 0.000 0.000 0.000 0.000 0.000 0.000 0.000 0.000 0.000 0.000 0.000 0.000 0.000 0.000 0.000 0.000 0.000 0.000 0.000 
"mVSrum__ 0.000 0.000 0.000 0.000 0.000 0.000 0.000 0.000 0.000 0.000 0.000 0.000 0.000 0.000 0.000 0.000 0.000 0.000 0.000 0.000 0.125 0.833 0.250 0.000 0.000 0.000 1.000 0.250 1.000 0.714 0.625 0.333 0.750 0.000 0.000 0.500 0.200 0.250 0.000 0.000 0.000 1.000 0.250 1.000 0.143 0.125 0.833 0.250 0.000 0.000 0.000 0.000 0.000 0.000 0.000 0.000 0.000 0.000 0.000 0.000 0.000 0.000 0.000 0.000 0.000 0.000 0.000 0.000 0.000 0.000 0.000 0.000 0.000 0.000 0.000 
"h{N@r__ 0.000 0.000 0.000 0.000 0.000 0.000 0.000 0.000 0.000 0.000 0.000 0.000 0.000 0.000 0.000 0.000 0.000 0.000 0.000 0.000 1.000 0.333 0.750 0.000 0.000 0.000 1.000 0.250 0.200 0.857 0.875 0.833 0.250 0.000 0.000 0.000 1.000 0.250 0.600 0.571 0.500 0.200 0.250 0.000 0.000 0.000 0.000 0.000 0.000 0.000 0.000 0.000 0.000 0.000 0.000 0.000 0.000 0.000 0.000 0.000 0.000 0.000 0.000 0.000 0.000 0.000 0.000 0.000 0.000 0.000 0.000 0.000 0.000 0.000 0.000 
"wil%tSEr__ 0.000 0.000 0.000 0.000 0.000 0.000 0.000 0.000 0.000 0.000 0.000 0.000 0.000 0.000 0.000 0.000 0.000 0.000 0.000 0.000 0.125 0.500 0.250 0.000 0.000 0.000 1.000 0.250 0.200 0.143 0.500 0.667 0.250 0.000 0.000 0.625 0.333 0.750 0.000 0.000 0.000 1.000 0.250 0.200 0.714 0.500 0.200 0.250 0.000 0.000 0.000 0.000 0.000 0.000 0.000 0.000 0.000 0.000 0.000 0.000 0.000 0.000 0.000 0.000 0.000 0.000 0.000 0.000 0.000 0.000 0.000 0.000 0.000 0.000 0.000 
"k{m@l__ 0.000 0.000 0.000 0.000 0.000 0.000 0.000 0.000 0.000 0.000 0.000 0.000 0.000 0.000 0.000 0.000 0.000 0.000 0.000 0.000 0.875 0.167 0.750 0.000 0.000 0.000 1.000 0.250 0.200 0.857 0.125 0.833 0.250 0.000 0.000 0.000 1.000 0.250 0.600 0.571 0.500 0.667 0.250 0.000 0.000 0.000 0.000 0.000 0.000 0.000 0.000 0.000 0.000 0.000 0.000 0.000 0.000 0.000 0.000 0.000 0.000 0.000 0.000 0.000 0.000 0.000 0.000 0.000 0.000 0.000 0.000 0.000 0.000 0.000 0.000 
m{sk__ 0.000 0.000 0.000 0.000 0.000 0.000 0.000 0.000 0.000 0.000 0.000 0.000 0.000 0.000 0.000 0.000 0.000 0.000 0.000 0.000 0.125 0.833 0.250 0.000 0.000 0.000 1.000 0.250 0.200 0.857 0.500 0.333 0.750 0.000 0.000 0.875 0.167 0.750 0.000 0.000 0.000 0.000 0.000 0.000 0.000 0.000 0.000 0.000 0.000 0.000 0.000 0.000 0.000 0.000 0.000 0.000 0.000 0.000 0.000 0.000 0.000 0.000 0.000 0.000 0.000 0.000 0.000 0.000 0.000 0.000 0.000 0.000 0.000 0.000 0.000 
"prEtz@l__ 0.000 0.000 0.000 0.000 0.000 0.000 0.000 0.000 0.000 0.000 0.000 0.000 0.000 0.000 0.000 0.000 0.000 0.000 0.000 0.000 0.125 0.167 0.750 0.000 0.000 0.500 0.200 0.250 0.000 0.000 0.000 1.000 0.250 0.200 0.714 0.500 0.167 0.750 0.000 0.000 0.500 0.333 0.250 0.000 0.000 0.000 1.000 0.250 0.600 0.571 0.500 0.667 0.250 0.000 0.000 0.000 0.000 0.000 0.000 0.000 0.000 0.000 0.000 0.000 0.000 0.000 0.000 0.000 0.000 0.000 0.000 0.000 0.000 0.000 0.000 
bEntS__ 0.000 0.000 0.000 0.000 0.000 0.000 0.000 0.000 0.000 0.000 0.000 0.000 0.000 0.000 0.000 0.000 0.000 0.000 0.000 0.000 0.125 0.167 0.250 0.000 0.000 0.000 1.000 0.250 0.200 0.714 0.500 0.833 0.250 0.000 0.000 0.625 0.333 0.750 0.000 0.000 0.000 0.000 0.000 0.000 0.000 0.000 0.000 0.000 0.000 0.000 0.000 0.000 0.000 0.000 0.000 0.000 0.000 0.000 0.000 0.000 0.000 0.000 0.000 0.000 0.000 0.000 0.000 0.000 0.000 0.000 0.000 0.000 0.000 0.000 0.000 
"r{kIt__ 0.000 0.000 0.000 0.000 0.000 0.000 0.000 0.000 0.000 0.000 0.000 0.000 0.000 0.000 0.000 0.000 0.000 0.000 0.000 0.000 0.500 0.200 0.250 0.000 0.000 0.000 1.000 0.250 0.200 0.857 0.875 0.167 0.750 0.000 0.000 0.000 1.000 0.250 0.400 0.286 0.500 0.167 0.750 0.000 0.000 0.000 0.000 0.000 0.000 0.000 0.000 0.000 0.000 0.000 0.000 0.000 0.000 0.000 0.000 0.000 0.000 0.000 0.000 0.000 0.000 0.000 0.000 0.000 0.000 0.000 0.000 0.000 0.000 0.000 0.000 
sneIl__ 0.000 0.000 0.000 0.000 0.000 0.000 0.000 0.000 0.000 0.000 0.000 0.000 0.000 0.000 0.000 0.000 0.000 0.000 0.000 0.000 0.500 0.333 0.750 0.000 0.000 0.500 0.833 0.250 0.000 0.000 0.000 1.000 0.250 0.200 0.286 0.000 1.000 0.250 0.400 0.286 0.500 0.667 0.250 0.000 0.000 0.000 0.000 0.000 0.000 0.000 0.000 0.000 0.000 0.000 0.000 0.000 0.000 0.000 0.000 0.000 0.000 0.000 0.000 0.000 0.000 0.000 0.000 0.000 0.000 0.000 0.000 0.000 0.000 0.000 0.000 
vAl"keInoU__ 0.000 0.000 0.000 0.000 0.000 0.000 0.000 0.000 0.000 0.000 0.000 0.000 0.000 0.000 0.000 0.000 0.000 0.000 0.000 0.000 0.250 0.333 0.250 0.000 0.000 0.000 1.000 0.250 1.000 1.000 0.500 0.667 0.250 0.000 0.000 0.875 0.167 0.750 0.000 0.000 0.000 1.000 0.250 0.200 0.286 0.000 1.000 0.250 0.400 0.286 0.500 0.833 0.250 0.000 0.000 0.000 1.000 0.250 1.000 0.286 0.000 1.000 0.250 0.800 0.286 0.000 0.000 0.000 0.000 0.000 0.000 0.000 0.000 0.000 0.000 
sihOrs__ 0.000 0.000 0.000 0.000 0.000 0.000 0.000 0.000 0.000 0.000 0.000 0.000 0.000 0.000 0.000 0.000 0.000 0.000 0.000 0.000 0.500 0.333 0.750 0.000 0.000 0.000 1.000 0.250 0.200 0.143 1.000 0.333 0.750 0.000 0.000 0.000 1.000 0.250 1.000 0.714 0.500 0.200 0.250 0.000 0.000 0.500 0.333 0.750 0.000 0.000 0.000 0.000 0.000 0.000 0.000 0.000 0.000 0.000 0.000 0.000 0.000 0.000 0.000 0.000 0.000 0.000 0.000 0.000 0.000 0.000 0.000 0.000 0.000 0.000 0.000 
dArt__ 0.000 0.000 0.000 0.000 0.000 0.000 0.000 0.000 0.000 0.000 0.000 0.000 0.000 0.000 0.000 0.000 0.000 0.000 0.000 0.000 0.500 0.167 0.250 0.000 0.000 0.000 1.000 0.250 1.000 1.000 0.500 0.200 0.250 0.000 0.000 0.500 0.167 0.750 0.000 0.000 0.000 0.000 0.000 0.000 0.000 0.000 0.000 0.000 0.000 0.000 0.000 0.000 0.000 0.000 0.000 0.000 0.000 0.000 0.000 0.000 0.000 0.000 0.000 0.000 0.000 0.000 0.000 0.000 0.000 0.000 0.000 0.000 0.000 0.000 0.000 
k@"nu__ 0.000 0.000 0.000 0.000 0.000 0.000 0.000 0.000 0.000 0.000 0.000 0.000 0.000 0.000 0.000 0.000 0.000 0.000 0.000 0.000 0.875 0.167 0.750 0.000 0.000 0.000 1.000 0.250 0.600 0.571 0.500 0.833 0.250 0.000 0.000 0.000 1.000 0.250 1.000 0.143 0.000 0.000 0.000 0.000 0.000 0.000 0.000 0.000 0.000 0.000 0.000 0.000 0.000 0.000 0.000 0.000 0.000 0.000 0.000 0.000 0.000 0.000 0.000 0.000 0.000 0.000 0.000 0.000 0.000 0.000 0.000 0.000 0.000 0.000 0.000 
gloUb__ 0.000 0.000 0.000 0.000 0.000 0.000 0.000 0.000 0.000 0.000 0.000 0.000 0.000 0.000 0.000 0.000 0.000 0.000 0.000 0.000 0.875 0.167 0.250 0.000 0.000 0.500 0.667 0.250 0.000 0.000 0.000 1.000 0.250 1.000 0.286 0.000 1.000 0.250 0.800 0.286 0.125 0.167 0.250 0.000 0.000 0.000 0.000 0.000 0.000 0.000 0.000 0.000 0.000 0.000 0.000 0.000 0.000 0.000 0.000 0.000 0.000 0.000 0.000 0.000 0.000 0.000 0.000 0.000 0.000 0.000 0.000 0.000 0.000 0.000 0.000 
riT__ 0.000 0.000 0.000 0.000 0.000 0.000 0.000 0.000 0.000 0.000 0.000 0.000 0.000 0.000 0.000 0.000 0.000 0.000 0.000 0.000 0.500 0.200 0.250 0.000 0.000 0.000 1.000 0.250 0.200 0.143 0.375 0.333 0.750 0.000 0.000 0.000 0.000 0.000 0.000 0.000 0.000 0.000 0.000 0.000 0.000 0.000 0.000 0.000 0.000 0.000 0.000 0.000 0.000 0.000 0.000 0.000 0.000 0.000 0.000 0.000 0.000 0.000 0.000 0.000 0.000 0.000 0.000 0.000 0.000 0.000 0.000 0.000 0.000 0.000 0.000 
"biv@r__ 0.000 0.000 0.000 0.000 0.000 0.000 0.000 0.000 0.000 0.000 0.000 0.000 0.000 0.000 0.000 0.000 0.000 0.000 0.000 0.000 0.125 0.167 0.250 0.000 0.000 0.000 1.000 0.250 0.200 0.143 0.250 0.333 0.250 0.000 0.000 0.000 1.000 0.250 0.600 0.571 0.500 0.200 0.250 0.000 0.000 0.000 0.000 0.000 0.000 0.000 0.000 0.000 0.000 0.000 0.000 0.000 0.000 0.000 0.000 0.000 0.000 0.000 0.000 0.000 0.000 0.000 0.000 0.000 0.000 0.000 0.000 0.000 0.000 0.000 0.000 
hAr"mAnIk@__ 0.000 0.000 0.000 0.000 0.000 0.000 0.000 0.000 0.000 0.000 0.000 0.000 0.000 0.000 0.000 0.000 0.000 0.000 0.000 0.000 1.000 0.333 0.750 0.000 0.000 0.000 1.000 0.250 1.000 1.000 0.500 0.200 0.250 0.000 0.000 0.125 0.833 0.250 0.000 0.000 0.000 1.000 0.250 1.000 1.000 0.500 0.833 0.250 0.000 0.000 0.000 1.000 0.250 0.400 0.286 0.875 0.167 0.750 0.000 0.000 0.000 1.000 0.250 0.600 0.571 0.000 0.000 0.000 0.000 0.000 0.000 0.000 0.000 0.000 0.000 
raI"nAs@r@s__ 0.000 0.000 0.000 0.000 0.000 0.000 0.000 0.000 0.000 0.000 0.000 0.000 0.000 0.000 0.000 0.000 0.000 0.000 0.000 0.000 0.500 0.200 0.250 0.000 0.000 0.000 1.000 0.250 0.200 1.000 0.000 1.000 0.250 0.400 0.286 0.500 0.833 0.250 0.000 0.000 0.000 1.000 0.250 1.000 1.000 0.500 0.333 0.750 0.000 0.000 0.000 1.000 0.250 0.600 0.571 0.500 0.200 0.250 0.000 0.000 0.000 1.000 0.250 0.600 0.571 0.500 0.333 0.750 0.000 0.000 0.000 0.000 0.000 0.000 0.000 
"eIkOrn__ 0.000 0.000 0.000 0.000 0.000 0.000 0.000 0.000 0.000 0.000 0.000 0.000 0.000 0.000 0.000 0.000 0.000 0.000 0.000 0.000 0.000 1.000 0.250 0.200 0.286 0.000 1.000 0.250 0.400 0.286 0.875 0.167 0.750 0.000 0.000 0.000 1.000 0.250 1.000 0.714 0.500 0.200 0.250 0.000 0.000 0.500 0.833 0.250 0.000 0.000 0.000 0.000 0.000 0.000 0.000 0.000 0.000 0.000 0.000 0.000 0.000 0.000 0.000 0.000 0.000 0.000 0.000 0.000 0.000 0.000 0.000 0.000 0.000 0.000 0.000 
"Iglu__ 0.000 0.000 0.000 0.000 0.000 0.000 0.000 0.000 0.000 0.000 0.000 0.000 0.000 0.000 0.000 0.000 0.000 0.000 0.000 0.000 0.000 1.000 0.250 0.400 0.286 0.875 0.167 0.250 0.000 0.000 0.500 0.667 0.250 0.000 0.000 0.000 1.000 0.250 1.000 0.143 0.000 0.000 0.000 0.000 0.000 0.000 0.000 0.000 0.000 0.000 0.000 0.000 0.000 0.000 0.000 0.000 0.000 0.000 0.000 0.000 0.000 0.000 0.000 0.000 0.000 0.000 0.000 0.000 0.000 0.000 0.000 0.000 0.000 0.000 0.000 
stIlts__ 0.000 0.000 0.000 0.000 0.000 0.000 0.000 0.000 0.000 0.000 0.000 0.000 0.000 0.000 0.000 0.000 0.000 0.000 0.000 0.000 0.500 0.333 0.750 0.000 0.000 0.500 0.167 0.750 0.000 0.000 0.000 1.000 0.250 0.400 0.286 0.500 0.667 0.250 0.000 0.000 0.500 0.167 0.750 0.000 0.000 0.500 0.333 0.750 0.000 0.000 0.000 0.000 0.000 0.000 0.000 0.000 0.000 0.000 0.000 0.000 0.000 0.000 0.000 0.000 0.000 0.000 0.000 0.000 0.000 0.000 0.000 0.000 0.000 0.000 0.000 
"dAm@%noUz__ 0.000 0.000 0.000 0.000 0.000 0.000 0.000 0.000 0.000 0.000 0.000 0.000 0.000 0.000 0.000 0.000 0.000 0.000 0.000 0.000 0.500 0.167 0.250 0.000 0.000 0.000 1.000 0.250 1.000 1.000 0.125 0.833 0.250 0.000 0.000 0.000 1.000 0.250 0.600 0.571 0.500 0.833 0.250 0.000 0.000 0.000 1.000 0.250 1.000 0.286 0.000 1.000 0.250 0.800 0.286 0.500 0.333 0.250 0.000 0.000 0.000 0.000 0.000 0.000 0.000 0.000 0.000 0.000 0.000 0.000 0.000 0.000 0.000 0.000 0.000 
"k{kt@s__ 0.000 0.000 0.000 0.000 0.000 0.000 0.000 0.000 0.000 0.000 0.000 0.000 0.000 0.000 0.000 0.000 0.000 0.000 0.000 0.000 0.875 0.167 0.750 0.000 0.000 0.000 1.000 0.250 0.200 0.857 0.875 0.167 0.750 0.000 0.000 0.500 0.167 0.750 0.000 0.000 0.000 1.000 0.250 0.600 0.571 0.500 0.333 0.750 0.000 0.000 0.000 0.000 0.000 0.000 0.000 0.000 0.000 0.000 0.000 0.000 0.000 0.000 0.000 0.000 0.000 0.000 0.000 0.000 0.000 0.000 0.000 0.000 0.000 0.000 0.000 
"Esk@%leIt@r__ 0.000 0.000 0.000 0.000 0.000 0.000 0.000 0.000 0.000 0.000 0.000 0.000 0.000 0.000 0.000 0.000 0.000 0.000 0.000 0.000 0.000 1.000 0.250 0.200 0.714 0.500 0.333 0.750 0.000 0.000 0.875 0.167 0.750 0.000 0.000 0.000 1.000 0.250 0.600 0.571 0.500 0.667 0.250 0.000 0.000 0.000 1.000 0.250 0.200 0.286 0.000 1.000 0.250 0.400 0.286 0.500 0.167 0.750 0.000 0.000 0.000 1.000 0.250 0.600 0.571 0.500 0.200 0.250 0.000 0.000 0.000 0.000 0.000 0.000 0.000 
hArp__ 0.000 0.000 0.000 0.000 0.000 0.000 0.000 0.000 0.000 0.000 0.000 0.000 0.000 0.000 0.000 0.000 0.000 0.000 0.000 0.000 1.000 0.333 0.750 0.000 0.000 0.000 1.000 0.250 1.000 1.000 0.500 0.200 0.250 0.000 0.000 0.125 0.167 0.750 0.000 0.000 0.000 0.000 0.000 0.000 0.000 0.000 0.000 0.000 0.000 0.000 0.000 0.000 0.000 0.000 0.000 0.000 0.000 0.000 0.000 0.000 0.000 0.000 0.000 0.000 0.000 0.000 0.000 0.000 0.000 0.000 0.000 0.000 0.000 0.000 0.000 
"h{m@k__ 0.000 0.000 0.000 0.000 0.000 0.000 0.000 0.000 0.000 0.000 0.000 0.000 0.000 0.000 0.000 0.000 0.000 0.000 0.000 0.000 1.000 0.333 0.750 0.000 0.000 0.000 1.000 0.250 0.200 0.857 0.125 0.833 0.250 0.000 0.000 0.000 1.000 0.250 0.600 0.571 0.875 0.167 0.750 0.000 0.000 0.000 0.000 0.000 0.000 0.000 0.000 0.000 0.000 0.000 0.000 0.000 0.000 0.000 0.000 0.000 0.000 0.000 0.000 0.000 0.000 0.000 0.000 0.000 0.000 0.000 0.000 0.000 0.000 0.000 0.000 
"nAk@r__ 0.000 0.000 0.000 0.000 0.000 0.000 0.000 0.000 0.000 0.000 0.000 0.000 0.000 0.000 0.000 0.000 0.000 0.000 0.000 0.000 0.500 0.833 0.250 0.000 0.000 0.000 1.000 0.250 1.000 1.000 0.875 0.167 0.750 0.000 0.000 0.000 1.000 0.250 0.600 0.571 0.500 0.200 0.250 0.000 0.000 0.000 0.000 0.000 0.000 0.000 0.000 0.000 0.000 0.000 0.000 0.000 0.000 0.000 0.000 0.000 0.000 0.000 0.000 0.000 0.000 0.000 0.000 0.000 0.000 0.000 0.000 0.000 0.000 0.000 0.000 
"pEl@k@n__ 0.000 0.000 0.000 0.000 0.000 0.000 0.000 0.000 0.000 0.000 0.000 0.000 0.000 0.000 0.000 0.000 0.000 0.000 0.000 0.000 0.125 0.167 0.750 0.000 0.000 0.000 1.000 0.250 0.200 0.714 0.500 0.667 0.250 0.000 0.000 0.000 1.000 0.250 0.600 0.571 0.875 0.167 0.750 0.000 0.000 0.000 1.000 0.250 0.600 0.571 0.500 0.833 0.250 0.000 0.000 0.000 0.000 0.000 0.000 0.000 0.000 0.000 0.000 0.000 0.000 0.000 0.000 0.000 0.000 0.000 0.000 0.000 0.000 0.000 0.000 
"stET@%skoUp__ 0.000 0.000 0.000 0.000 0.000 0.000 0.000 0.000 0.000 0.000 0.000 0.000 0.000 0.000 0.000 0.000 0.000 0.000 0.000 0.000 0.500 0.333 0.750 0.000 0.000 0.500 0.167 0.750 0.000 0.000 0.000 1.000 0.250 0.200 0.714 0.375 0.333 0.750 0.000 0.000 0.000 1.000 0.250 0.600 0.571 0.500 0.333 0.750 0.000 0.000 0.875 0.167 0.750 0.000 0.000 0.000 1.000 0.250 1.000 0.286 0.000 1.000 0.250 0.800 0.286 0.125 0.167 0.750 0.000 0.000 0.000 0.000 0.000 0.000 0.000 
"pIr@mId__ 0.000 0.000 0.000 0.000 0.000 0.000 0.000 0.000 0.000 0.000 0.000 0.000 0.000 0.000 0.000 0.000 0.000 0.000 0.000 0.000 0.125 0.167 0.750 0.000 0.000 0.000 1.000 0.250 0.400 0.286 0.500 0.200 0.250 0.000 0.000 0.000 1.000 0.250 0.600 0.571 0.125 0.833 0.250 0.000 0.000 0.000 1.000 0.250 0.400 0.286 0.500 0.167 0.250 0.000 0.000 0.000 0.000 0.000 0.000 0.000 0.000 0.000 0.000 0.000 0.000 0.000 0.000 0.000 0.000 0.000 0.000 0.000 0.000 0.000 0.000 
"mVz@l__ 0.000 0.000 0.000 0.000 0.000 0.000 0.000 0.000 0.000 0.000 0.000 0.000 0.000 0.000 0.000 0.000 0.000 0.000 0.000 0.000 0.125 0.833 0.250 0.000 0.000 0.000 1.000 0.250 1.000 0.714 0.500 0.333 0.250 0.000 0.000 0.000 1.000 0.250 0.600 0.571 0.500 0.667 0.250 0.000 0.000 0.000 0.000 0.000 0.000 0.000 0.000 0.000 0.000 0.000 0.000 0.000 0.000 0.000 0.000 0.000 0.000 0.000 0.000 0.000 0.000 0.000 0.000 0.000 0.000 0.000 0.000 0.000 0.000 0.000 0.000 
"junI%kOrn__ 0.000 0.000 0.000 0.000 0.000 0.000 0.000 0.000 0.000 0.000 0.000 0.000 0.000 0.000 0.000 0.000 0.000 0.000 0.000 0.000 0.750 0.500 0.250 0.000 0.000 0.000 1.000 0.250 1.000 0.143 0.500 0.833 0.250 0.000 0.000 0.000 1.000 0.250 0.400 0.286 0.875 0.167 0.750 0.000 0.000 0.000 1.000 0.250 1.000 0.714 0.500 0.200 0.250 0.000 0.000 0.500 0.833 0.250 0.000 0.000 0.000 0.000 0.000 0.000 0.000 0.000 0.000 0.000 0.000 0.000 0.000 0.000 0.000 0.000 0.000 
"fVn@l__ 0.000 0.000 0.000 0.000 0.000 0.000 0.000 0.000 0.000 0.000 0.000 0.000 0.000 0.000 0.000 0.000 0.000 0.000 0.000 0.000 0.250 0.333 0.750 0.000 0.000 0.000 1.000 0.250 1.000 0.714 0.500 0.833 0.250 0.000 0.000 0.000 1.000 0.250 0.600 0.571 0.500 0.667 0.250 0.000 0.000 0.000 0.000 0.000 0.000 0.000 0.000 0.000 0.000 0.000 0.000 0.000 0.000 0.000 0.000 0.000 0.000 0.000 0.000 0.000 0.000 0.000 0.000 0.000 0.000 0.000 0.000 0.000 0.000 0.000 0.000 
@"kOrdi@n__ 0.000 0.000 0.000 0.000 0.000 0.000 0.000 0.000 0.000 0.000 0.000 0.000 0.000 0.000 0.000 0.000 0.000 0.000 0.000 0.000 0.000 1.000 0.250 0.600 0.571 0.875 0.167 0.750 0.000 0.000 0.000 1.000 0.250 1.000 0.714 0.500 0.200 0.250 0.000 0.000 0.500 0.167 0.250 0.000 0.000 0.000 1.000 0.250 0.200 0.143 0.000 1.000 0.250 0.600 0.571 0.500 0.833 0.250 0.000 0.000 0.000 0.000 0.000 0.000 0.000 0.000 0.000 0.000 0.000 0.000 0.000 0.000 0.000 0.000 0.000 
nus__ 0.000 0.000 0.000 0.000 0.000 0.000 0.000 0.000 0.000 0.000 0.000 0.000 0.000 0.000 0.000 0.000 0.000 0.000 0.000 0.000 0.500 0.833 0.250 0.000 0.000 0.000 1.000 0.250 1.000 0.143 0.500 0.333 0.750 0.000 0.000 0.000 0.000 0.000 0.000 0.000 0.000 0.000 0.000 0.000 0.000 0.000 0.000 0.000 0.000 0.000 0.000 0.000 0.000 0.000 0.000 0.000 0.000 0.000 0.000 0.000 0.000 0.000 0.000 0.000 0.000 0.000 0.000 0.000 0.000 0.000 0.000 0.000 0.000 0.000 0.000 
@"spEr@g@s__ 0.000 0.000 0.000 0.000 0.000 0.000 0.000 0.000 0.000 0.000 0.000 0.000 0.000 0.000 0.000 0.000 0.000 0.000 0.000 0.000 0.000 1.000 0.250 0.600 0.571 0.500 0.333 0.750 0.000 0.000 0.125 0.167 0.750 0.000 0.000 0.000 1.000 0.250 0.200 0.714 0.500 0.200 0.250 0.000 0.000 0.000 1.000 0.250 0.600 0.571 0.875 0.167 0.250 0.000 0.000 0.000 1.000 0.250 0.600 0.571 0.500 0.333 0.750 0.000 0.000 0.000 0.000 0.000 0.000 0.000 0.000 0.000 0.000 0.000 0.000 
"kVmp@s__ 0.000 0.000 0.000 0.000 0.000 0.000 0.000 0.000 0.000 0.000 0.000 0.000 0.000 0.000 0.000 0.000 0.000 0.000 0.000 0.000 0.875 0.167 0.750 0.000 0.000 0.000 1.000 0.250 1.000 0.714 0.125 0.833 0.250 0.000 0.000 0.125 0.167 0.750 0.000 0.000 0.000 1.000 0.250 0.600 0.571 0.500 0.333 0.750 0.000 0.000 0.000 0.000 0.000 0.000 0.000 0.000 0.000 0.000 0.000 0.000 0.000 0.000 0.000 0.000 0.000 0.000 0.000 0.000 0.000 0.000 0.000 0.000 0.000 0.000 0.000 
l{tS__ 0.000 0.000 0.000 0.000 0.000 0.000 0.000 0.000 0.000 0.000 0.000 0.000 0.000 0.000 0.000 0.000 0.000 0.000 0.000 0.000 0.500 0.667 0.250 0.000 0.000 0.000 1.000 0.250 0.200 0.857 0.625 0.333 0.750 0.000 0.000 0.000 0.000 0.000 0.000 0.000 0.000 0.000 0.000 0.000 0.000 0.000 0.000 0.000 0.000 0.000 0.000 0.000 0.000 0.000 0.000 0.000 0.000 0.000 0.000 0.000 0.000 0.000 0.000 0.000 0.000 0.000 0.000 0.000 0.000 0.000 0.000 0.000 0.000 0.000 0.000 
"traI%pAd__ 0.000 0.000 0.000 0.000 0.000 0.000 0.000 0.000 0.000 0.000 0.000 0.000 0.000 0.000 0.000 0.000 0.000 0.000 0.000 0.000 0.500 0.167 0.750 0.000 0.000 0.500 0.200 0.250 0.000 0.000 0.000 1.000 0.250 0.200 1.000 0.000 1.000 0.250 0.400 0.286 0.125 0.167 0.750 0.000 0.000 0.000 1.000 0.250 1.000 1.000 0.500 0.167 0.250 0.000 0.000 0.000 0.000 0.000 0.000 0.000 0.000 0.000 0.000 0.000 0.000 0.000 0.000 0.000 0.000 0.000 0.000 0.000 0.000 0.000 0.000 
skroUl__ 0.000 0.000 0.000 0.000 0.000 0.000 0.000 0.000 0.000 0.000 0.000 0.000 0.000 0.000 0.000 0.000 0.000 0.000 0.000 0.000 0.500 0.333 0.750 0.000 0.000 0.875 0.167 0.750 0.000 0.000 0.500 0.200 0.250 0.000 0.000 0.000 1.000 0.250 1.000 0.286 0.000 1.000 0.250 0.800 0.286 0.500 0.667 0.250 0.000 0.000 0.000 0.000 0.000 0.000 0.000 0.000 0.000 0.000 0.000 0.000 0.000 0.000 0.000 0.000 0.000 0.000 0.000 0.000 0.000 0.000 0.000 0.000 0.000 0.000 0.000 
tANz__ 0.000 0.000 0.000 0.000 0.000 0.000 0.000 0.000 0.000 0.000 0.000 0.000 0.000 0.000 0.000 0.000 0.000 0.000 0.000 0.000 0.500 0.167 0.750 0.000 0.000 0.000 1.000 0.250 1.000 1.000 0.875 0.833 0.250 0.000 0.000 0.500 0.333 0.250 0.000 0.000 0.000 0.000 0.000 0.000 0.000 0.000 0.000 0.000 0.000 0.000 0.000 0.000 0.000 0.000 0.000 0.000 0.000 0.000 0.000 0.000 0.000 0.000 0.000 0.000 0.000 0.000 0.000 0.000 0.000 0.000 0.000 0.000 0.000 0.000 0.000 
sfINks__ 0.000 0.000 0.000 0.000 0.000 0.000 0.000 0.000 0.000 0.000 0.000 0.000 0.000 0.000 0.000 0.000 0.000 0.000 0.000 0.000 0.500 0.333 0.750 0.000 0.000 0.250 0.333 0.750 0.000 0.000 0.000 1.000 0.250 0.400 0.286 0.875 0.833 0.250 0.000 0.000 0.875 0.167 0.750 0.000 0.000 0.500 0.333 0.750 0.000 0.000 0.000 0.000 0.000 0.000 0.000 0.000 0.000 0.000 0.000 0.000 0.000 0.000 0.000 0.000 0.000 0.000 0.000 0.000 0.000 0.000 0.000 0.000 0.000 0.000 0.000 
joUk__ 0.000 0.000 0.000 0.000 0.000 0.000 0.000 0.000 0.000 0.000 0.000 0.000 0.000 0.000 0.000 0.000 0.000 0.000 0.000 0.000 0.750 0.500 0.250 0.000 0.000 0.000 1.000 0.250 1.000 0.286 0.000 1.000 0.250 0.800 0.286 0.875 0.167 0.750 0.000 0.000 0.000 0.000 0.000 0.000 0.000 0.000 0.000 0.000 0.000 0.000 0.000 0.000 0.000 0.000 0.000 0.000 0.000 0.000 0.000 0.000 0.000 0.000 0.000 0.000 0.000 0.000 0.000 0.000 0.000 0.000 0.000 0.000 0.000 0.000 0.000 
"trEl@s__ 0.000 0.000 0.000 0.000 0.000 0.000 0.000 0.000 0.000 0.000 0.000 0.000 0.000 0.000 0.000 0.000 0.000 0.000 0.000 0.000 0.500 0.167 0.750 0.000 0.000 0.500 0.200 0.250 0.000 0.000 0.000 1.000 0.250 0.200 0.714 0.500 0.667 0.250 0.000 0.000 0.000 1.000 0.250 0.600 0.571 0.500 0.333 0.750 0.000 0.000 0.000 0.000 0.000 0.000 0.000 0.000 0.000 0.000 0.000 0.000 0.000 0.000 0.000 0.000 0.000 0.000 0.000 0.000 0.000 0.000 0.000 0.000 0.000 0.000 0.000 
"p{l@t__ 0.000 0.000 0.000 0.000 0.000 0.000 0.000 0.000 0.000 0.000 0.000 0.000 0.000 0.000 0.000 0.000 0.000 0.000 0.000 0.000 0.125 0.167 0.750 0.000 0.000 0.000 1.000 0.250 0.200 0.857 0.500 0.667 0.250 0.000 0.000 0.000 1.000 0.250 0.600 0.571 0.500 0.167 0.750 0.000 0.000 0.000 0.000 0.000 0.000 0.000 0.000 0.000 0.000 0.000 0.000 0.000 0.000 0.000 0.000 0.000 0.000 0.000 0.000 0.000 0.000 0.000 0.000 0.000 0.000 0.000 0.000 0.000 0.000 0.000 0.000 
proU"tr{kt@r__ 0.000 0.000 0.000 0.000 0.000 0.000 0.000 0.000 0.000 0.000 0.000 0.000 0.000 0.000 0.000 0.000 0.000 0.000 0.000 0.000 0.125 0.167 0.750 0.000 0.000 0.500 0.200 0.250 0.000 0.000 0.000 1.000 0.250 1.000 0.286 0.000 1.000 0.250 0.800 0.286 0.500 0.167 0.750 0.000 0.000 0.500 0.200 0.250 0.000 0.000 0.000 1.000 0.250 0.200 0.857 0.875 0.167 0.750 0.000 0.000 0.500 0.167 0.750 0.000 0.000 0.000 1.000 0.250 0.600 0.571 0.500 0.200 0.250 0.000 0.000 
"{b@k@s__ 0.000 0.000 0.000 0.000 0.000 0.000 0.000 0.000 0.000 0.000 0.000 0.000 0.000 0.000 0.000 0.000 0.000 0.000 0.000 0.000 0.000 1.000 0.250 0.200 0.857 0.125 0.167 0.250 0.000 0.000 0.000 1.000 0.250 0.600 0.571 0.875 0.167 0.750 0.000 0.000 0.000 1.000 0.250 0.600 0.571 0.500 0.333 0.750 0.000 0.000 0.000 0.000 0.000 0.000 0.000 0.000 0.000 0.000 0.000 0.000 0.000 0.000 0.000 0.000 0.000 0.000 0.000 0.000 0.000 0.000 0.000 0.000 0.000 0.000 0.000 
